{"producer":{"name":"Blender","version":"2.78 (sub 0)","exporter_version":"4.6.1","file":"tulipRIG_p_testes2.babylon"},
"autoClear":true,"clearColor":[0.0509,0.0509,0.0509],"ambientColor":[0,0,0],"gravity":[0,-9.81,0],
"materials":[{"name":"tulipRIG_p_testes2.stem","id":"tulipRIG_p_testes2.stem","ambient":[0.1874,0.5115,0.1254],"diffuse":[0.1499,0.4092,0.1003],"specular":[0,0,0],"emissive":[0,0,0],"specularPower":50,"alpha":1,"backFaceCulling":true,"checkReadyOnlyOnce":false, 
"diffuseTexture":{"name":"stem-text.png","level":1,"hasAlpha":1,"coordinatesMode":0,"uOffset":0,"vOffset":0,"uScale":1,"vScale":1,"uAng":0,"vAng":0,"wAng":0,"wrapU":1,"wrapV":1,"coordinatesIndex":0}},
{"name":"tulipRIG_p_testes2.poll2","id":"tulipRIG_p_testes2.poll2","ambient":[0.8,0.8,0.8],"diffuse":[0.64,0.64,0.64],"specular":[0,0,0],"emissive":[0,0,0],"specularPower":50,"alpha":1,"backFaceCulling":true,"checkReadyOnlyOnce":false, 
"diffuseTexture":{"name":"poll-text2.png","level":1,"hasAlpha":1,"coordinatesMode":0,"uOffset":0,"vOffset":0,"uScale":1,"vScale":1,"uAng":0,"vAng":0,"wAng":0,"wrapU":1,"wrapV":1,"coordinatesIndex":0}},
{"name":"tulipRIG_p_testes2.poll3","id":"tulipRIG_p_testes2.poll3","ambient":[0.8,0.8,0.8],"diffuse":[0.64,0.64,0.64],"specular":[0,0,0],"emissive":[0,0,0],"specularPower":50,"alpha":1,"backFaceCulling":true,"checkReadyOnlyOnce":false, 
"diffuseTexture":{"name":"poll-text2.png","level":1,"hasAlpha":1,"coordinatesMode":0,"uOffset":0,"vOffset":0,"uScale":1,"vScale":1,"uAng":0,"vAng":0,"wAng":0,"wrapU":1,"wrapV":1,"coordinatesIndex":0}},
{"name":"tulipRIG_p_testes2.petals","id":"tulipRIG_p_testes2.petals","ambient":[0.7401,0.4967,1],"diffuse":[0.5921,0.3973,0.8],"specular":[0,0,0],"emissive":[0,0,0],"specularPower":50,"alpha":1,"backFaceCulling":true,"checkReadyOnlyOnce":false, 
"diffuseTexture":{"name":"tulip13-text.png","level":1,"hasAlpha":1,"coordinatesMode":0,"uOffset":0,"vOffset":0,"uScale":1,"vScale":1,"uAng":0,"vAng":0,"wAng":0,"wrapU":1,"wrapV":1,"coordinatesIndex":0}},
{"name":"tulipRIG_p_testes2.leaf","id":"tulipRIG_p_testes2.leaf","ambient":[0.4307,0.8,0.3417],"diffuse":[0.3446,0.64,0.2733],"specular":[0,0,0],"emissive":[0,0,0],"specularPower":50,"alpha":1,"backFaceCulling":true,"checkReadyOnlyOnce":false, 
"diffuseTexture":{"name":"stem-text.png","level":1,"hasAlpha":1,"coordinatesMode":0,"uOffset":0,"vOffset":0,"uScale":1,"vScale":1,"uAng":0,"vAng":0,"wAng":0,"wrapU":1,"wrapV":1,"coordinatesIndex":0}},
{"name":"tulipRIG_p_testes2.poll","id":"tulipRIG_p_testes2.poll","ambient":[0.9825,1,0.2232],"diffuse":[0.786,0.8,0.1785],"specular":[0,0,0],"emissive":[0,0,0],"specularPower":50,"alpha":1,"backFaceCulling":true,"checkReadyOnlyOnce":false, 
"diffuseTexture":{"name":"poll-text2.png","level":1,"hasAlpha":1,"coordinatesMode":0,"uOffset":0,"vOffset":0,"uScale":1,"vScale":1,"uAng":0,"vAng":0,"wAng":0,"wrapU":1,"wrapV":1,"coordinatesIndex":0}}],
"multiMaterials":[{"name":"tulipRIG_p_testes2.Multimaterial#0","id":"tulipRIG_p_testes2.Multimaterial#0","materials":["tulipRIG_p_testes2.stem","tulipRIG_p_testes2.poll2","tulipRIG_p_testes2.poll3"]},{"name":"tulipRIG_p_testes2.Multimaterial#1","id":"tulipRIG_p_testes2.Multimaterial#1","materials":["tulipRIG_p_testes2.stem","tulipRIG_p_testes2.poll"]}],
"skeletons":[{"name":"Armature.001","id":0,"dimensionsAtRest":[1.5042,3.1118,0.3681],"bones":[
{"name":"Bone","index":0,"matrix":[1,0,0,0,0,1,0,0,0,0,-1,0,0,0,0,1],"rest":[1,0,0,0,0,1,0,0,0,0,-1,0,0,0,0,1],"parentBoneIndex":-1,"length":0.4997
,"animation":{"dataType":3,"framePerSecond":24,"keys":[
{"frame":0,"values":[1,0,0,0,0,1,0,0,0,0,-1,0,0,0,0,1]},
{"frame":1,"values":[1,0.0027,0,0,-0.0027,1,0,0,0,0,-1,0,0,0,0,1]},
{"frame":2,"values":[0.9999,0.0109,0,0,-0.0109,0.9999,0,0,0,0,-1,0,0,0,0,1]},
{"frame":3,"values":[0.9997,0.0244,0,0,-0.0244,0.9997,0,0,0,0,-1,0,0,0,0,1]},
{"frame":4,"values":[0.9991,0.0432,0,0,-0.0432,0.9991,0,0,0,0,-1,0,0,0,0,1]},
{"frame":5,"values":[0.9978,0.0664,0,0,-0.0664,0.9978,0,0,0,0,-1,0,0,0,0,1]},
{"frame":6,"values":[0.9956,0.0933,0,0,-0.0933,0.9956,0,0,0,0,-1,0,0,0,0,1]},
{"frame":7,"values":[0.9925,0.1224,0,0,-0.1224,0.9925,0,0,0,0,-1,0,0,0,0,1]},
{"frame":8,"values":[0.9883,0.1522,0,0,-0.1522,0.9883,0,0,0,0,-1,0,0,0,0,1]},
{"frame":9,"values":[0.9835,0.1811,0,0,-0.1811,0.9835,0,0,0,0,-1,0,0,0,0,1]},
{"frame":10,"values":[0.9782,0.2076,0,0,-0.2076,0.9782,0,0,0,0,-1,0,0,0,0,1]},
{"frame":11,"values":[0.9731,0.2303,0,0,-0.2303,0.9731,0,0,0,0,-1,0,0,0,0,1]},
{"frame":12,"values":[0.9686,0.2485,0,0,-0.2485,0.9686,0,0,0,0,-1,0,0,0,0,1]},
{"frame":13,"values":[0.9652,0.2616,0,0,-0.2616,0.9652,0,0,0,0,-1,0,0,0,0,1]},
{"frame":14,"values":[0.963,0.2695,0,0,-0.2695,0.963,0,0,0,0,-1,0,0,0,0,1]},
{"frame":15,"values":[0.9623,0.2721,0,0,-0.2721,0.9623,0,0,0,0,-1,0,0,0,0,1]},
{"frame":16,"values":[0.9637,0.2669,0,0,-0.2669,0.9637,0,0,0,0,-1,0,0,0,0,1]},
{"frame":17,"values":[0.9679,0.2513,0,0,-0.2513,0.9679,0,0,0,0,-1,0,0,0,0,1]},
{"frame":18,"values":[0.9743,0.2251,0,0,-0.2251,0.9743,0,0,0,0,-1,0,0,0,0,1]},
{"frame":19,"values":[0.9821,0.1885,0,0,-0.1885,0.9821,0,0,0,0,-1,0,0,0,0,1]},
{"frame":20,"values":[0.9898,0.1426,0,0,-0.1426,0.9898,0,0,0,0,-1,0,0,0,0,1]},
{"frame":21,"values":[0.996,0.089,0,0,-0.089,0.996,0,0,0,0,-1,0,0,0,0,1]},
{"frame":22,"values":[0.9995,0.0303,0,0,-0.0303,0.9995,0,0,0,0,-1,0,0,0,0,1]},
{"frame":23,"values":[0.9995,-0.0303,0,0,0.0303,0.9995,0,0,0,0,-1,0,0,0,0,1]},
{"frame":24,"values":[0.996,-0.089,0,0,0.089,0.996,0,0,0,0,-1,0,0,0,0,1]},
{"frame":25,"values":[0.9898,-0.1426,0,0,0.1426,0.9898,0,0,0,0,-1,0,0,0,0,1]},
{"frame":26,"values":[0.9821,-0.1885,0,0,0.1885,0.9821,0,0,0,0,-1,0,0,0,0,1]},
{"frame":27,"values":[0.9743,-0.2251,0,0,0.2251,0.9743,0,0,0,0,-1,0,0,0,0,1]},
{"frame":28,"values":[0.9679,-0.2513,0,0,0.2513,0.9679,0,0,0,0,-1,0,0,0,0,1]},
{"frame":29,"values":[0.9637,-0.2669,0,0,0.2669,0.9637,0,0,0,0,-1,0,0,0,0,1]},
{"frame":30,"values":[0.9623,-0.2721,0,0,0.2721,0.9623,0,0,0,0,-1,0,0,0,0,1]},
{"frame":31,"values":[0.9631,-0.2691,0,0,0.2691,0.9631,0,0,0,0,-1,0,0,0,0,1]},
{"frame":32,"values":[0.9656,-0.2601,0,0,0.2601,0.9656,0,0,0,0,-1,0,0,0,0,1]},
{"frame":33,"values":[0.9695,-0.245,0,0,0.245,0.9695,0,0,0,0,-1,0,0,0,0,1]},
{"frame":34,"values":[0.9745,-0.2242,0,0,0.2242,0.9745,0,0,0,0,-1,0,0,0,0,1]},
{"frame":35,"values":[0.9801,-0.1985,0,0,0.1985,0.9801,0,0,0,0,-1,0,0,0,0,1]},
{"frame":36,"values":[0.9856,-0.169,0,0,0.169,0.9856,0,0,0,0,-1,0,0,0,0,1]},
{"frame":37,"values":[0.9905,-0.1373,0,0,0.1373,0.9905,0,0,0,0,-1,0,0,0,0,1]},
{"frame":38,"values":[0.9944,-0.1056,0,0,0.1056,0.9944,0,0,0,0,-1,0,0,0,0,1]},
{"frame":39,"values":[0.9971,-0.0757,0,0,0.0757,0.9971,0,0,0,0,-1,0,0,0,0,1]},
{"frame":40,"values":[0.9988,-0.0494,0,0,0.0494,0.9988,0,0,0,0,-1,0,0,0,0,1]},
{"frame":41,"values":[0.9996,-0.028,0,0,0.028,0.9996,0,0,0,0,-1,0,0,0,0,1]},
{"frame":42,"values":[0.9999,-0.0125,0,0,0.0125,0.9999,0,0,0,0,-1,0,0,0,0,1]},
{"frame":43,"values":[1,-0.0031,0,0,0.0031,1,0,0,0,0,-1,0,0,0,0,1]},
{"frame":44,"values":[1,0,0,0,0,1,0,0,0,0,-1,0,0,0,0,1]},
{"frame":51,"values":[1,-0.0002,-0.0067,0,0.0002,1,-0.0001,0,-0.0067,-0.0001,-1,0,0,0,0,1]},
{"frame":52,"values":[0.9996,-0.0007,-0.0271,0,0.0006,1,-0.0005,0,-0.0271,-0.0005,-0.9996,0,0,0,0,1]},
{"frame":53,"values":[0.9981,-0.0015,-0.061,0,0.0015,1,-0.0011,0,-0.061,-0.001,-0.9981,0,0,0,0,1]},
{"frame":54,"values":[0.9941,-0.0028,-0.108,0,0.0026,1,-0.002,0,-0.108,-0.0017,-0.9941,0,0,0,0,1]},
{"frame":55,"values":[0.986,-0.0046,-0.1664,0,0.0041,1,-0.0032,0,-0.1664,-0.0025,-0.986,0,0,0,0,1]},
{"frame":56,"values":[0.9723,-0.0068,-0.2335,0,0.0059,1,-0.0048,0,-0.2336,-0.0033,-0.9723,0,0,0,0,1]},
{"frame":57,"values":[0.9521,-0.0095,-0.3055,0,0.0078,0.9999,-0.0066,0,-0.3055,-0.0039,-0.9522,0,0,0,0,1]},
{"frame":58,"values":[0.9258,-0.0125,-0.3778,0,0.0099,0.9999,-0.0087,0,-0.3778,-0.0043,-0.9259,0,0,0,0,1]},
{"frame":59,"values":[0.895,-0.0157,-0.4459,0,0.0121,0.9999,-0.0109,0,-0.446,-0.0044,-0.895,0,0,0,0,1]},
{"frame":60,"values":[0.8623,-0.019,-0.5061,0,0.0143,0.9998,-0.0132,0,-0.5062,-0.0042,-0.8624,0,0,0,0,1]},
{"frame":61,"values":[0.8309,-0.0224,-0.556,0,0.0166,0.9997,-0.0155,0,-0.5562,-0.0037,-0.831,0,0,0,0,1]},
{"frame":62,"values":[0.8036,-0.0256,-0.5946,0,0.0189,0.9997,-0.0176,0,-0.5948,-0.0029,-0.8039,0,0,0,0,1]},
{"frame":63,"values":[0.7829,-0.0287,-0.6215,0,0.0212,0.9996,-0.0194,0,-0.6218,-0.002,-0.7832,0,0,0,0,1]},
{"frame":64,"values":[0.77,-0.0316,-0.6373,0,0.0237,0.9995,-0.0209,0,-0.6376,-0.001,-0.7703,0,0,0,0,1]},
{"frame":65,"values":[0.7656,-0.0344,-0.6424,0,0.0263,0.9994,-0.0221,0,-0.6428,0,-0.766,0,0,0,0,1]},
{"frame":66,"values":[0.7694,-0.0371,-0.6377,0,0.0293,0.9993,-0.0228,0,-0.6381,0.0011,-0.7699,0,0,0,0,1]},
{"frame":67,"values":[0.7809,-0.0399,-0.6234,0,0.0328,0.9992,-0.0229,0,-0.6238,0.0025,-0.7816,0,0,0,0,1]},
{"frame":68,"values":[0.7998,-0.0428,-0.5987,0,0.0368,0.9991,-0.0223,0,-0.5991,0.0042,-0.8006,0,0,0,0,1]},
{"frame":69,"values":[0.8252,-0.0459,-0.563,0,0.0413,0.9989,-0.0209,0,-0.5634,0.006,-0.8262,0,0,0,0,1]},
{"frame":70,"values":[0.8556,-0.0493,-0.5153,0,0.0463,0.9988,-0.0186,0,-0.5156,0.0079,-0.8568,0,0,0,0,1]},
{"frame":71,"values":[0.8889,-0.0529,-0.455,0,0.0516,0.9985,-0.0153,0,-0.4552,0.0099,-0.8904,0,0,0,0,1]},
{"frame":72,"values":[0.9223,-0.0569,-0.3822,0,0.0571,0.9983,-0.0109,0,-0.3822,0.0117,-0.924,0,0,0,0,1]},
{"frame":73,"values":[0.9526,-0.0613,-0.2979,0,0.0625,0.998,-0.0055,0,-0.2976,0.0134,-0.9546,0,0,0,0,1]},
{"frame":74,"values":[0.9767,-0.0659,-0.2042,0,0.0675,0.9977,0.001,0,-0.2037,0.0147,-0.9789,0,0,0,0,1]},
{"frame":75,"values":[0.992,-0.0708,-0.1047,0,0.072,0.9974,0.0081,0,-0.1039,0.0156,-0.9945,0,0,0,0,1]},
{"frame":76,"values":[0.9971,-0.0757,-0.0038,0,0.0757,0.997,0.0157,0,-0.0026,0.016,-0.9999,0,0,0,0,1]},
{"frame":77,"values":[0.9923,-0.0806,0.094,0,0.0787,0.9966,0.0234,0,0.0956,0.0159,-0.9953,0,0,0,0,1]},
{"frame":78,"values":[0.9791,-0.0853,0.1844,0,0.081,0.9962,0.0309,0,0.1864,0.0153,-0.9824,0,0,0,0,1]},
{"frame":79,"values":[0.9602,-0.0898,0.2644,0,0.0827,0.9959,0.0378,0,0.2667,0.0144,-0.9637,0,0,0,0,1]},
{"frame":80,"values":[0.9386,-0.0939,0.332,0,0.0841,0.9955,0.0438,0,0.3346,0.0132,-0.9423,0,0,0,0,1]},
{"frame":81,"values":[0.9172,-0.0978,0.3863,0,0.0854,0.9951,0.049,0,0.3893,0.012,-0.9211,0,0,0,0,1]},
{"frame":82,"values":[0.8983,-0.1013,0.4275,0,0.0869,0.9948,0.0532,0,0.4307,0.0107,-0.9024,0,0,0,0,1]},
{"frame":83,"values":[0.8839,-0.1046,0.4559,0,0.0886,0.9945,0.0564,0,0.4593,0.0095,-0.8882,0,0,0,0,1]},
{"frame":84,"values":[0.8749,-0.1076,0.4722,0,0.0907,0.9942,0.0585,0,0.4758,0.0084,-0.8795,0,0,0,0,1]},
{"frame":85,"values":[0.8719,-0.1105,0.477,0,0.0933,0.9938,0.0597,0,0.4807,0.0075,-0.8769,0,0,0,0,1]},
{"frame":86,"values":[0.8772,-0.1133,0.4666,0,0.0969,0.9935,0.0591,0,0.4703,0.0067,-0.8825,0,0,0,0,1]},
{"frame":87,"values":[0.8922,-0.116,0.4365,0,0.1018,0.9932,0.056,0,0.4401,0.0055,-0.898,0,0,0,0,1]},
{"frame":88,"values":[0.9144,-0.1187,0.387,0,0.1076,0.9929,0.0502,0,0.3902,0.0043,-0.9207,0,0,0,0,1]},
{"frame":89,"values":[0.9394,-0.1212,0.3206,0,0.1137,0.9926,0.0421,0,0.3234,0.0031,-0.9463,0,0,0,0,1]},
{"frame":90,"values":[0.962,-0.1235,0.2437,0,0.1192,0.9923,0.0323,0,0.2459,0.002,-0.9693,0,0,0,0,1]},
{"frame":91,"values":[0.9782,-0.1254,0.1656,0,0.1234,0.9921,0.0221,0,0.1671,0.0012,-0.9859,0,0,0,0,1]},
{"frame":92,"values":[0.9872,-0.1269,0.0962,0,0.1262,0.9919,0.0129,0,0.097,0.0006,-0.9953,0,0,0,0,1]},
{"frame":93,"values":[0.9908,-0.1279,0.0432,0,0.1277,0.9918,0.0058,0,0.0436,0.0003,-0.9991,0,0,0,0,1]},
{"frame":94,"values":[0.9917,-0.1284,0.0107,0,0.1284,0.9917,0.0015,0,0.0108,0.0001,-0.9999,0,0,0,0,1]},
{"frame":95,"values":[0.9917,-0.1284,0,0,0.1284,0.9917,0,0,0,0,-1,0,0,0,0,1]},
{"frame":96,"values":[0.9928,-0.1197,0,0,0.1197,0.9928,0,0,0,0,-1,0,0,0,0,1]},
{"frame":97,"values":[0.9956,-0.0941,0,0,0.0941,0.9956,0,0,0,0,-1,0,0,0,0,1]},
{"frame":98,"values":[0.9983,-0.0579,0,0,0.0579,0.9983,0,0,0,0,-1,0,0,0,0,1]},
{"frame":99,"values":[0.9997,-0.0235,0,0,0.0235,0.9997,0,0,0,0,-1,0,0,0,0,1]},
{"frame":100,"values":[1,0,0,0,0,1,0,0,0,0,-1,0,0,0,0,1]},
{"frame":101,"values":[0.9999,0.016,0,0,-0.016,0.9999,0,0,0,0,-1,0,0,0,0,1]},
{"frame":102,"values":[0.9995,0.0303,0,0,-0.0303,0.9995,0,0,0,0,-1,0,0,0,0,1]},
{"frame":103,"values":[0.9991,0.0428,0,0,-0.0428,0.9991,0,0,0,0,-1,0,0,0,0,1]},
{"frame":104,"values":[0.9986,0.0535,0,0,-0.0535,0.9986,0,0,0,0,-1,0,0,0,0,1]},
{"frame":105,"values":[0.9981,0.0624,0,0,-0.0624,0.9981,0,0,0,0,-1,0,0,0,0,1]},
{"frame":106,"values":[0.9976,0.0698,0,0,-0.0698,0.9976,0,0,0,0,-1,0,0,0,0,1]},
{"frame":107,"values":[0.9971,0.0758,0,0,-0.0758,0.9971,0,0,0,0,-1,0,0,0,0,1]},
{"frame":108,"values":[0.9967,0.0808,0,0,-0.0808,0.9967,0,0,0,0,-1,0,0,0,0,1]},
{"frame":109,"values":[0.9964,0.0852,0,0,-0.0852,0.9964,0,0,0,0,-1,0,0,0,0,1]},
{"frame":110,"values":[0.996,0.0894,0,0,-0.0894,0.996,0,0,0,0,-1,0,0,0,0,1]},
{"frame":111,"values":[0.9956,0.0939,0,0,-0.0939,0.9956,0,0,0,0,-1,0,0,0,0,1]},
{"frame":112,"values":[0.9951,0.0988,0,0,-0.0988,0.9951,0,0,0,0,-1,0,0,0,0,1]},
{"frame":113,"values":[0.9945,0.1046,0,0,-0.1046,0.9945,0,0,0,0,-1,0,0,0,0,1]},
{"frame":114,"values":[0.9938,0.1112,0,0,-0.1112,0.9938,0,0,0,0,-1,0,0,0,0,1]},
{"frame":115,"values":[0.9929,0.1189,0,0,-0.1189,0.9929,0,0,0,0,-1,0,0,0,0,1]},
{"frame":116,"values":[0.9918,0.1276,0,0,-0.1276,0.9918,0,0,0,0,-1,0,0,0,0,1]},
{"frame":117,"values":[0.9905,0.1373,0,0,-0.1373,0.9905,0,0,0,0,-1,0,0,0,0,1]},
{"frame":118,"values":[0.989,0.148,0,0,-0.148,0.989,0,0,0,0,-1,0,0,0,0,1]},
{"frame":119,"values":[0.9872,0.1593,0,0,-0.1593,0.9872,0,0,0,0,-1,0,0,0,0,1]},
{"frame":120,"values":[0.9853,0.1711,0,0,-0.1711,0.9853,0,0,0,0,-1,0,0,0,0,1]},
{"frame":121,"values":[0.9831,0.1829,0,0,-0.1829,0.9831,0,0,0,0,-1,0,0,0,0,1]},
{"frame":122,"values":[0.9809,0.1944,0,0,-0.1944,0.9809,0,0,0,0,-1,0,0,0,0,1]},
{"frame":123,"values":[0.9788,0.205,0,0,-0.205,0.9788,0,0,0,0,-1,0,0,0,0,1]},
{"frame":124,"values":[0.9767,0.2144,0,0,-0.2144,0.9767,0,0,0,0,-1,0,0,0,0,1]},
{"frame":125,"values":[0.975,0.2223,0,0,-0.2223,0.975,0,0,0,0,-1,0,0,0,0,1]},
{"frame":126,"values":[0.9736,0.2284,0,0,-0.2284,0.9736,0,0,0,0,-1,0,0,0,0,1]},
{"frame":127,"values":[0.9725,0.2327,0,0,-0.2327,0.9725,0,0,0,0,-1,0,0,0,0,1]},
{"frame":128,"values":[0.9719,0.2352,0,0,-0.2352,0.9719,0,0,0,0,-1,0,0,0,0,1]},
{"frame":129,"values":[0.9717,0.2361,0,0,-0.2361,0.9717,0,0,0,0,-1,0,0,0,0,1]},
{"frame":142,"values":[0.9717,0.2361,0,0,-0.2361,0.9717,0,0,0,0,-1,0,0,0,0,1]}],"loopBehavior":1,"name":"anim","property":"_matrix"}},
{"name":"Bone.001","index":1,"matrix":[1,0,0,0,0,1,0,0,0,0,1,0,0,0.4997,0,1],"rest":[1,0,0,0,0,1,0,0,0,0,1,0,0,0.4997,0,1],"parentBoneIndex":0,"length":0.4996
,"animation":{"dataType":3,"framePerSecond":24,"keys":[
{"frame":0,"values":[1,0,0,0,0,1,0,0,0,0,1,0,0,0.4997,0,1]},
{"frame":1,"values":[1,-0.0003,0,0,0.0003,1,0,0,0,0,1,0,0,0.4997,0,1]},
{"frame":2,"values":[1,-0.0014,0,0,0.0014,1,0,0,0,0,1,0,0,0.4997,0,1]},
{"frame":3,"values":[1,-0.0031,0,0,0.0031,1,0,0,0,0,1,0,0,0.4997,0,1]},
{"frame":4,"values":[1,-0.0054,0,0,0.0054,1,0,0,0,0,1,0,0,0.4997,0,1]},
{"frame":5,"values":[1,-0.0084,0,0,0.0084,1,0,0,0,0,1,0,0,0.4997,0,1]},
{"frame":6,"values":[0.9999,-0.0118,0,0,0.0118,0.9999,0,0,0,0,1,0,0,0.4997,0,1]},
{"frame":7,"values":[0.9999,-0.0154,0,0,0.0154,0.9999,0,0,0,0,1,0,0,0.4997,0,1]},
{"frame":8,"values":[0.9998,-0.0192,0,0,0.0192,0.9998,0,0,0,0,1,0,0,0.4997,0,1]},
{"frame":9,"values":[0.9997,-0.0229,0,0,0.0229,0.9997,0,0,0,0,1,0,0,0.4997,0,1]},
{"frame":10,"values":[0.9997,-0.0263,0,0,0.0263,0.9997,0,0,0,0,1,0,0,0.4997,0,1]},
{"frame":11,"values":[0.9996,-0.0292,0,0,0.0292,0.9996,0,0,0,0,1,0,0,0.4997,0,1]},
{"frame":12,"values":[0.9995,-0.0316,0,0,0.0316,0.9995,0,0,0,0,1,0,0,0.4997,0,1]},
{"frame":13,"values":[0.9994,-0.0333,0,0,0.0333,0.9994,0,0,0,0,1,0,0,0.4997,0,1]},
{"frame":14,"values":[0.9994,-0.0343,0,0,0.0343,0.9994,0,0,0,0,1,0,0,0.4997,0,1]},
{"frame":15,"values":[0.9994,-0.0347,0,0,0.0347,0.9994,0,0,0,0,1,0,0,0.4997,0,1]},
{"frame":16,"values":[0.9994,-0.034,0,0,0.034,0.9994,0,0,0,0,1,0,0,0.4997,0,1]},
{"frame":17,"values":[0.9995,-0.0319,0,0,0.0319,0.9995,0,0,0,0,1,0,0,0.4997,0,1]},
{"frame":18,"values":[0.9996,-0.0285,0,0,0.0285,0.9996,0,0,0,0,1,0,0,0.4997,0,1]},
{"frame":19,"values":[0.9997,-0.0238,0,0,0.0238,0.9997,0,0,0,0,1,0,0,0.4997,0,1]},
{"frame":20,"values":[0.9998,-0.0179,0,0,0.0179,0.9998,0,0,0,0,1,0,0,0.4997,0,1]},
{"frame":21,"values":[0.9999,-0.0111,0,0,0.0111,0.9999,0,0,0,0,1,0,0,0.4997,0,1]},
{"frame":22,"values":[1,-0.0038,0,0,0.0038,1,0,0,0,0,1,0,0,0.4997,0,1]},
{"frame":23,"values":[1,0.0038,0,0,-0.0038,1,0,0,0,0,1,0,0,0.4997,0,1]},
{"frame":24,"values":[0.9999,0.0111,0,0,-0.0111,0.9999,0,0,0,0,1,0,0,0.4997,0,1]},
{"frame":25,"values":[0.9998,0.0179,0,0,-0.0179,0.9998,0,0,0,0,1,0,0,0.4997,0,1]},
{"frame":26,"values":[0.9997,0.0238,0,0,-0.0238,0.9997,0,0,0,0,1,0,0,0.4997,0,1]},
{"frame":27,"values":[0.9996,0.0285,0,0,-0.0285,0.9996,0,0,0,0,1,0,0,0.4997,0,1]},
{"frame":28,"values":[0.9995,0.0319,0,0,-0.0319,0.9995,0,0,0,0,1,0,0,0.4997,0,1]},
{"frame":29,"values":[0.9994,0.034,0,0,-0.034,0.9994,0,0,0,0,1,0,0,0.4997,0,1]},
{"frame":30,"values":[0.9994,0.0347,0,0,-0.0347,0.9994,0,0,0,0,1,0,0,0.4997,0,1]},
{"frame":31,"values":[0.9994,0.0343,0,0,-0.0343,0.9994,0,0,0,0,1,0,0,0.4997,0,1]},
{"frame":32,"values":[0.9995,0.0331,0,0,-0.0331,0.9995,0,0,0,0,1,0,0,0.4997,0,1]},
{"frame":33,"values":[0.9995,0.0311,0,0,-0.0311,0.9995,0,0,0,0,1,0,0,0.4997,0,1]},
{"frame":34,"values":[0.9996,0.0284,0,0,-0.0284,0.9996,0,0,0,0,1,0,0,0.4997,0,1]},
{"frame":35,"values":[0.9997,0.0251,0,0,-0.0251,0.9997,0,0,0,0,1,0,0,0.4997,0,1]},
{"frame":36,"values":[0.9998,0.0213,0,0,-0.0213,0.9998,0,0,0,0,1,0,0,0.4997,0,1]},
{"frame":37,"values":[0.9998,0.0173,0,0,-0.0173,0.9998,0,0,0,0,1,0,0,0.4997,0,1]},
{"frame":38,"values":[0.9999,0.0133,0,0,-0.0133,0.9999,0,0,0,0,1,0,0,0.4997,0,1]},
{"frame":39,"values":[1,0.0095,0,0,-0.0095,1,0,0,0,0,1,0,0,0.4997,0,1]},
{"frame":40,"values":[1,0.0062,0,0,-0.0062,1,0,0,0,0,1,0,0,0.4997,0,1]},
{"frame":41,"values":[1,0.0035,0,0,-0.0035,1,0,0,0,0,1,0,0,0.4997,0,1]},
{"frame":42,"values":[1,0.0016,0,0,-0.0016,1,0,0,0,0,1,0,0,0.4997,0,1]},
{"frame":43,"values":[1,0.0004,0,0,-0.0004,1,0,0,0,0,1,0,0,0.4997,0,1]},
{"frame":44,"values":[1,0,0,0,0,1,0,0,0,0,1,0,0,0.4997,0,1]},
{"frame":51,"values":[1,0.0001,0,0,-0.0001,1,0.0001,0,0,-0.0001,1,0,0,0.4997,0,1]},
{"frame":52,"values":[1,0.0006,-0.0001,0,-0.0006,1,0.0002,0,0.0001,-0.0002,1,0,0,0.4997,0,1]},
{"frame":53,"values":[1,0.0014,-0.0002,0,-0.0014,1,0.0005,0,0.0002,-0.0005,1,0,0,0.4997,0,1]},
{"frame":54,"values":[1,0.0025,-0.0003,0,-0.0025,1,0.0009,0,0.0003,-0.0009,1,0,0,0.4997,0,1]},
{"frame":55,"values":[1,0.004,-0.0004,0,-0.004,1,0.0014,0,0.0004,-0.0014,1,0,0,0.4997,0,1]},
{"frame":56,"values":[1,0.0058,-0.0006,0,-0.0058,1,0.002,0,0.0006,-0.002,1,0,0,0.4997,0,1]},
{"frame":57,"values":[1,0.0079,-0.0009,0,-0.0079,1,0.0028,0,0.0009,-0.0028,1,0,0,0.4997,0,1]},
{"frame":58,"values":[0.9999,0.0104,-0.0011,0,-0.0104,0.9999,0.0036,0,0.0012,-0.0036,1,0,0,0.4997,0,1]},
{"frame":59,"values":[0.9999,0.013,-0.0014,0,-0.013,0.9999,0.0046,0,0.0015,-0.0045,1,0,0,0.4997,0,1]},
{"frame":60,"values":[0.9999,0.0158,-0.0017,0,-0.0157,0.9999,0.0055,0,0.0018,-0.0055,1,0,0,0.4997,0,1]},
{"frame":61,"values":[0.9998,0.0186,-0.002,0,-0.0186,0.9998,0.0065,0,0.0021,-0.0065,1,0,0,0.4997,0,1]},
{"frame":62,"values":[0.9998,0.0215,-0.0023,0,-0.0215,0.9997,0.0075,0,0.0024,-0.0075,1,0,0,0.4997,0,1]},
{"frame":63,"values":[0.9997,0.0243,-0.0026,0,-0.0243,0.9997,0.0085,0,0.0028,-0.0085,1,0,0,0.4997,0,1]},
{"frame":64,"values":[0.9996,0.0271,-0.0028,0,-0.0271,0.9996,0.0095,0,0.0031,-0.0094,1,0,0,0.4997,0,1]},
{"frame":65,"values":[0.9996,0.0298,-0.0031,0,-0.0297,0.9995,0.0105,0,0.0034,-0.0104,0.9999,0,0,0.4997,0,1]},
{"frame":66,"values":[0.9995,0.0325,-0.0034,0,-0.0324,0.9994,0.0114,0,0.0038,-0.0113,0.9999,0,0,0.4997,0,1]},
{"frame":67,"values":[0.9994,0.0353,-0.0037,0,-0.0353,0.9993,0.0124,0,0.0041,-0.0123,0.9999,0,0,0.4997,0,1]},
{"frame":68,"values":[0.9993,0.0383,-0.004,0,-0.0383,0.9992,0.0135,0,0.0045,-0.0133,0.9999,0,0,0.4997,0,1]},
{"frame":69,"values":[0.9991,0.0415,-0.0043,0,-0.0414,0.999,0.0146,0,0.0049,-0.0144,0.9999,0,0,0.4997,0,1]},
{"frame":70,"values":[0.999,0.0448,-0.0046,0,-0.0447,0.9989,0.0158,0,0.0053,-0.0156,0.9999,0,0,0.4997,0,1]},
{"frame":71,"values":[0.9988,0.0482,-0.0049,0,-0.0482,0.9987,0.017,0,0.0057,-0.0168,0.9998,0,0,0.4997,0,1]},
{"frame":72,"values":[0.9986,0.0518,-0.0052,0,-0.0517,0.9985,0.0183,0,0.0062,-0.018,0.9998,0,0,0.4997,0,1]},
{"frame":73,"values":[0.9984,0.0554,-0.0056,0,-0.0553,0.9983,0.0196,0,0.0066,-0.0192,0.9998,0,0,0.4997,0,1]},
{"frame":74,"values":[0.9982,0.0591,-0.0059,0,-0.059,0.998,0.0209,0,0.0071,-0.0205,0.9998,0,0,0.4997,0,1]},
{"frame":75,"values":[0.998,0.0629,-0.0062,0,-0.0627,0.9978,0.0222,0,0.0076,-0.0218,0.9997,0,0,0.4997,0,1]},
{"frame":76,"values":[0.9978,0.0666,-0.0065,0,-0.0664,0.9975,0.0235,0,0.0081,-0.023,0.9997,0,0,0.4997,0,1]},
{"frame":77,"values":[0.9975,0.0702,-0.0069,0,-0.07,0.9972,0.0248,0,0.0086,-0.0243,0.9997,0,0,0.4997,0,1]},
{"frame":78,"values":[0.9972,0.0738,-0.0072,0,-0.0736,0.9969,0.0261,0,0.0091,-0.0255,0.9996,0,0,0.4997,0,1]},
{"frame":79,"values":[0.997,0.0773,-0.0074,0,-0.077,0.9967,0.0274,0,0.0095,-0.0267,0.9996,0,0,0.4997,0,1]},
{"frame":80,"values":[0.9967,0.0806,-0.0077,0,-0.0804,0.9964,0.0286,0,0.01,-0.0278,0.9996,0,0,0.4997,0,1]},
{"frame":81,"values":[0.9965,0.0838,-0.008,0,-0.0835,0.9961,0.0297,0,0.0104,-0.0289,0.9995,0,0,0.4997,0,1]},
{"frame":82,"values":[0.9962,0.0868,-0.0082,0,-0.0865,0.9958,0.0308,0,0.0109,-0.03,0.9995,0,0,0.4997,0,1]},
{"frame":83,"values":[0.9959,0.0897,-0.0084,0,-0.0894,0.9955,0.0318,0,0.0113,-0.0309,0.9995,0,0,0.4997,0,1]},
{"frame":84,"values":[0.9957,0.0924,-0.0087,0,-0.0921,0.9952,0.0328,0,0.0116,-0.0318,0.9994,0,0,0.4997,0,1]},
{"frame":85,"values":[0.9954,0.0949,-0.0088,0,-0.0946,0.9949,0.0337,0,0.012,-0.0327,0.9994,0,0,0.4997,0,1]},
{"frame":86,"values":[0.9952,0.0974,-0.009,0,-0.097,0.9947,0.0346,0,0.0124,-0.0335,0.9994,0,0,0.4997,0,1]},
{"frame":87,"values":[0.995,0.0999,-0.0092,0,-0.0995,0.9944,0.0355,0,0.0127,-0.0344,0.9993,0,0,0.4997,0,1]},
{"frame":88,"values":[0.9947,0.1023,-0.0094,0,-0.1019,0.9941,0.0364,0,0.0131,-0.0352,0.9993,0,0,0.4997,0,1]},
{"frame":89,"values":[0.9945,0.1047,-0.0096,0,-0.1042,0.9939,0.0372,0,0.0134,-0.036,0.9993,0,0,0.4997,0,1]},
{"frame":90,"values":[0.9942,0.1067,-0.0097,0,-0.1063,0.9936,0.0379,0,0.0137,-0.0367,0.9992,0,0,0.4997,0,1]},
{"frame":91,"values":[0.9941,0.1084,-0.0098,0,-0.108,0.9934,0.0386,0,0.014,-0.0373,0.9992,0,0,0.4997,0,1]},
{"frame":92,"values":[0.9939,0.1098,-0.0099,0,-0.1093,0.9932,0.039,0,0.0142,-0.0377,0.9992,0,0,0.4997,0,1]},
{"frame":93,"values":[0.9938,0.1107,-0.01,0,-0.1102,0.9931,0.0394,0,0.0143,-0.038,0.9992,0,0,0.4997,0,1]},
{"frame":94,"values":[0.9937,0.1112,-0.01,0,-0.1107,0.9931,0.0395,0,0.0144,-0.0382,0.9992,0,0,0.4997,0,1]},
{"frame":95,"values":[0.9937,0.1113,-0.0101,0,-0.1109,0.993,0.0396,0,0.0144,-0.0382,0.9992,0,0,0.4997,0,1]},
{"frame":96,"values":[0.9948,0.1015,-0.0093,0,-0.1011,0.9942,0.036,0,0.0129,-0.0349,0.9993,0,0,0.4997,0,1]},
{"frame":97,"values":[0.9973,0.0736,-0.0071,0,-0.0734,0.997,0.0261,0,0.009,-0.0255,0.9996,0,0,0.4997,0,1]},
{"frame":98,"values":[0.9993,0.0378,-0.0039,0,-0.0377,0.9992,0.0133,0,0.0044,-0.0132,0.9999,0,0,0.4997,0,1]},
{"frame":99,"values":[1,0.0099,-0.0011,0,-0.0099,0.9999,0.0035,0,0.0011,-0.0035,1,0,0,0.4997,0,1]},
{"frame":100,"values":[1,0,0,0,0,1,0,0,0,0,1,0,0,0.4997,0,1]},
{"frame":101,"values":[1,0.0007,0,0,-0.0007,1,0,0,0,0,1,0,0,0.4997,0,1]},
{"frame":102,"values":[1,0.003,0,0,-0.003,1,0,0,0,0,1,0,0,0.4997,0,1]},
{"frame":103,"values":[1,0.0069,0,0,-0.0069,1,0,0,0,0,1,0,0,0.4997,0,1]},
{"frame":104,"values":[0.9999,0.0125,0,0,-0.0125,0.9999,0,0,0,0,1,0,0,0.4997,0,1]},
{"frame":105,"values":[0.9998,0.0196,0,0,-0.0196,0.9998,0,0,0,0,1,0,0,0.4997,0,1]},
{"frame":106,"values":[0.9996,0.0283,0,0,-0.0283,0.9996,0,0,0,0,1,0,0,0.4997,0,1]},
{"frame":107,"values":[0.9993,0.0382,0,0,-0.0382,0.9993,0,0,0,0,1,0,0,0.4997,0,1]},
{"frame":108,"values":[0.9988,0.0491,0,0,-0.0491,0.9988,0,0,0,0,1,0,0,0.4997,0,1]},
{"frame":109,"values":[0.9982,0.0606,0,0,-0.0606,0.9982,0,0,0,0,1,0,0,0.4997,0,1]},
{"frame":110,"values":[0.9974,0.0724,0,0,-0.0724,0.9974,0,0,0,0,1,0,0,0.4997,0,1]},
{"frame":111,"values":[0.9965,0.0841,0,0,-0.0841,0.9965,0,0,0,0,1,0,0,0.4997,0,1]},
{"frame":112,"values":[0.9954,0.0953,0,0,-0.0953,0.9954,0,0,0,0,1,0,0,0.4997,0,1]},
{"frame":113,"values":[0.9944,0.106,0,0,-0.106,0.9944,0,0,0,0,1,0,0,0.4997,0,1]},
{"frame":114,"values":[0.9933,0.1159,0,0,-0.1159,0.9933,0,0,0,0,1,0,0,0.4997,0,1]},
{"frame":115,"values":[0.9922,0.1249,0,0,-0.1249,0.9922,0,0,0,0,1,0,0,0.4997,0,1]},
{"frame":116,"values":[0.991,0.1341,0,0,-0.1341,0.991,0,0,0,0,1,0,0,0.4997,0,1]},
{"frame":117,"values":[0.9895,0.1443,0,0,-0.1443,0.9895,0,0,0,0,1,0,0,0.4997,0,1]},
{"frame":118,"values":[0.9878,0.1555,0,0,-0.1555,0.9878,0,0,0,0,1,0,0,0.4997,0,1]},
{"frame":119,"values":[0.9859,0.1674,0,0,-0.1674,0.9859,0,0,0,0,1,0,0,0.4997,0,1]},
{"frame":120,"values":[0.9837,0.1798,0,0,-0.1798,0.9837,0,0,0,0,1,0,0,0.4997,0,1]},
{"frame":121,"values":[0.9814,0.1922,0,0,-0.1922,0.9814,0,0,0,0,1,0,0,0.4997,0,1]},
{"frame":122,"values":[0.9789,0.2042,0,0,-0.2042,0.9789,0,0,0,0,1,0,0,0.4997,0,1]},
{"frame":123,"values":[0.9765,0.2153,0,0,-0.2153,0.9765,0,0,0,0,1,0,0,0.4997,0,1]},
{"frame":124,"values":[0.9743,0.2252,0,0,-0.2252,0.9743,0,0,0,0,1,0,0,0.4997,0,1]},
{"frame":125,"values":[0.9724,0.2334,0,0,-0.2334,0.9724,0,0,0,0,1,0,0,0.4997,0,1]},
{"frame":126,"values":[0.9708,0.2398,0,0,-0.2398,0.9708,0,0,0,0,1,0,0,0.4997,0,1]},
{"frame":127,"values":[0.9697,0.2443,0,0,-0.2443,0.9697,0,0,0,0,1,0,0,0.4997,0,1]},
{"frame":128,"values":[0.969,0.247,0,0,-0.247,0.969,0,0,0,0,1,0,0,0.4997,0,1]},
{"frame":129,"values":[0.9688,0.2479,0,0,-0.2479,0.9688,0,0,0,0,1,0,0,0.4997,0,1]},
{"frame":142,"values":[0.9688,0.2479,0,0,-0.2479,0.9688,0,0,0,0,1,0,0,0.4997,0,1]}],"loopBehavior":1,"name":"anim","property":"_matrix"}},
{"name":"Bone.002","index":2,"matrix":[1,0,0,0,0,1,0,0,0,0,1,0,0,0.4996,0,1],"rest":[1,0,0,0,0,1,0,0,0,0,1,0,0,0.4996,0,1],"parentBoneIndex":1,"length":0.4969
,"animation":{"dataType":3,"framePerSecond":24,"keys":[
{"frame":0,"values":[1,0,0,0,0,1,0,0,0,0,1,0,0,0.4996,0,1]},
{"frame":1,"values":[1,-0.0008,0,0,0.0008,1,0,0,0,0,1,0,0,0.4996,0,1]},
{"frame":2,"values":[1,-0.0032,0,0,0.0032,1,0,0,0,0,1,0,0,0.4996,0,1]},
{"frame":3,"values":[1,-0.0072,0,0,0.0072,1,0,0,0,0,1,0,0,0.4996,0,1]},
{"frame":4,"values":[0.9999,-0.0127,0,0,0.0127,0.9999,0,0,0,0,1,0,0,0.4996,0,1]},
{"frame":5,"values":[0.9998,-0.0196,0,0,0.0196,0.9998,0,0,0,0,1,0,0,0.4996,0,1]},
{"frame":6,"values":[0.9996,-0.0276,0,0,0.0276,0.9996,0,0,0,0,1,0,0,0.4996,0,1]},
{"frame":7,"values":[0.9993,-0.0362,0,0,0.0362,0.9993,0,0,0,0,1,0,0,0.4996,0,1]},
{"frame":8,"values":[0.999,-0.045,0,0,0.045,0.999,0,0,0,0,1,0,0,0.4996,0,1]},
{"frame":9,"values":[0.9986,-0.0536,0,0,0.0536,0.9986,0,0,0,0,1,0,0,0.4996,0,1]},
{"frame":10,"values":[0.9981,-0.0616,0,0,0.0616,0.9981,0,0,0,0,1,0,0,0.4996,0,1]},
{"frame":11,"values":[0.9977,-0.0684,0,0,0.0684,0.9977,0,0,0,0,1,0,0,0.4996,0,1]},
{"frame":12,"values":[0.9973,-0.0739,0,0,0.0739,0.9973,0,0,0,0,1,0,0,0.4996,0,1]},
{"frame":13,"values":[0.997,-0.0779,0,0,0.0779,0.997,0,0,0,0,1,0,0,0.4996,0,1]},
{"frame":14,"values":[0.9968,-0.0803,0,0,0.0803,0.9968,0,0,0,0,1,0,0,0.4996,0,1]},
{"frame":15,"values":[0.9967,-0.0811,0,0,0.0811,0.9967,0,0,0,0,1,0,0,0.4996,0,1]},
{"frame":16,"values":[0.9968,-0.0796,0,0,0.0796,0.9968,0,0,0,0,1,0,0,0.4996,0,1]},
{"frame":17,"values":[0.9972,-0.0748,0,0,0.0748,0.9972,0,0,0,0,1,0,0,0.4996,0,1]},
{"frame":18,"values":[0.9978,-0.0668,0,0,0.0668,0.9978,0,0,0,0,1,0,0,0.4996,0,1]},
{"frame":19,"values":[0.9984,-0.0557,0,0,0.0557,0.9984,0,0,0,0,1,0,0,0.4996,0,1]},
{"frame":20,"values":[0.9991,-0.042,0,0,0.042,0.9991,0,0,0,0,1,0,0,0.4996,0,1]},
{"frame":21,"values":[0.9997,-0.0261,0,0,0.0261,0.9997,0,0,0,0,1,0,0,0.4996,0,1]},
{"frame":22,"values":[1,-0.0089,0,0,0.0089,1,0,0,0,0,1,0,0,0.4996,0,1]},
{"frame":23,"values":[1,0.0089,0,0,-0.0089,1,0,0,0,0,1,0,0,0.4996,0,1]},
{"frame":24,"values":[0.9997,0.0261,0,0,-0.0261,0.9997,0,0,0,0,1,0,0,0.4996,0,1]},
{"frame":25,"values":[0.9991,0.042,0,0,-0.042,0.9991,0,0,0,0,1,0,0,0.4996,0,1]},
{"frame":26,"values":[0.9984,0.0557,0,0,-0.0557,0.9984,0,0,0,0,1,0,0,0.4996,0,1]},
{"frame":27,"values":[0.9978,0.0668,0,0,-0.0668,0.9978,0,0,0,0,1,0,0,0.4996,0,1]},
{"frame":28,"values":[0.9972,0.0748,0,0,-0.0748,0.9972,0,0,0,0,1,0,0,0.4996,0,1]},
{"frame":29,"values":[0.9968,0.0796,0,0,-0.0796,0.9968,0,0,0,0,1,0,0,0.4996,0,1]},
{"frame":30,"values":[0.9967,0.0811,0,0,-0.0811,0.9967,0,0,0,0,1,0,0,0.4996,0,1]},
{"frame":31,"values":[0.9968,0.0802,0,0,-0.0802,0.9968,0,0,0,0,1,0,0,0.4996,0,1]},
{"frame":32,"values":[0.997,0.0775,0,0,-0.0775,0.997,0,0,0,0,1,0,0,0.4996,0,1]},
{"frame":33,"values":[0.9973,0.0729,0,0,-0.0729,0.9973,0,0,0,0,1,0,0,0.4996,0,1]},
{"frame":34,"values":[0.9978,0.0666,0,0,-0.0666,0.9978,0,0,0,0,1,0,0,0.4996,0,1]},
{"frame":35,"values":[0.9983,0.0588,0,0,-0.0588,0.9983,0,0,0,0,1,0,0,0.4996,0,1]},
{"frame":36,"values":[0.9987,0.05,0,0,-0.05,0.9987,0,0,0,0,1,0,0,0.4996,0,1]},
{"frame":37,"values":[0.9992,0.0406,0,0,-0.0406,0.9992,0,0,0,0,1,0,0,0.4996,0,1]},
{"frame":38,"values":[0.9995,0.0312,0,0,-0.0312,0.9995,0,0,0,0,1,0,0,0.4996,0,1]},
{"frame":39,"values":[0.9998,0.0223,0,0,-0.0223,0.9998,0,0,0,0,1,0,0,0.4996,0,1]},
{"frame":40,"values":[0.9999,0.0146,0,0,-0.0146,0.9999,0,0,0,0,1,0,0,0.4996,0,1]},
{"frame":41,"values":[1,0.0083,0,0,-0.0083,1,0,0,0,0,1,0,0,0.4996,0,1]},
{"frame":42,"values":[1,0.0037,0,0,-0.0037,1,0,0,0,0,1,0,0,0.4996,0,1]},
{"frame":43,"values":[1,0.0009,0,0,-0.0009,1,0,0,0,0,1,0,0,0.4996,0,1]},
{"frame":44,"values":[1,0,0,0,0,1,0,0,0,0,1,0,0,0.4996,0,1]},
{"frame":51,"values":[1,0.0004,0,0,-0.0004,1,0.0001,0,0,-0.0001,1,0,0,0.4996,0,1]},
{"frame":52,"values":[1,0.0018,-0.0001,0,-0.0018,1,0.0003,0,0.0001,-0.0003,1,0,0,0.4996,0,1]},
{"frame":53,"values":[1,0.0041,-0.0003,0,-0.0041,1,0.0008,0,0.0003,-0.0008,1,0,0,0.4996,0,1]},
{"frame":54,"values":[1,0.0075,-0.0005,0,-0.0075,1,0.0014,0,0.0005,-0.0014,1,0,0,0.4996,0,1]},
{"frame":55,"values":[0.9999,0.0119,-0.0008,0,-0.0119,0.9999,0.0022,0,0.0009,-0.0022,1,0,0,0.4996,0,1]},
{"frame":56,"values":[0.9998,0.0174,-0.0012,0,-0.0174,0.9998,0.0032,0,0.0013,-0.0032,1,0,0,0.4996,0,1]},
{"frame":57,"values":[0.9997,0.0238,-0.0016,0,-0.0238,0.9997,0.0044,0,0.0018,-0.0044,1,0,0,0.4996,0,1]},
{"frame":58,"values":[0.9995,0.031,-0.0021,0,-0.031,0.9995,0.0058,0,0.0023,-0.0057,1,0,0,0.4996,0,1]},
{"frame":59,"values":[0.9992,0.0389,-0.0026,0,-0.0389,0.9992,0.0073,0,0.0029,-0.0071,1,0,0,0.4996,0,1]},
{"frame":60,"values":[0.9989,0.0472,-0.0032,0,-0.0471,0.9988,0.0088,0,0.0036,-0.0087,1,0,0,0.4996,0,1]},
{"frame":61,"values":[0.9984,0.0557,-0.0037,0,-0.0557,0.9984,0.0104,0,0.0043,-0.0102,0.9999,0,0,0.4996,0,1]},
{"frame":62,"values":[0.9979,0.0643,-0.0042,0,-0.0643,0.9979,0.0121,0,0.005,-0.0118,0.9999,0,0,0.4996,0,1]},
{"frame":63,"values":[0.9973,0.0728,-0.0047,0,-0.0728,0.9973,0.0137,0,0.0057,-0.0133,0.9999,0,0,0.4996,0,1]},
{"frame":64,"values":[0.9967,0.0811,-0.0052,0,-0.0811,0.9966,0.0153,0,0.0064,-0.0148,0.9999,0,0,0.4996,0,1]},
{"frame":65,"values":[0.996,0.0892,-0.0056,0,-0.0891,0.9959,0.0168,0,0.0071,-0.0162,0.9998,0,0,0.4996,0,1]},
{"frame":66,"values":[0.9952,0.0972,-0.0061,0,-0.0971,0.9951,0.0183,0,0.0078,-0.0177,0.9998,0,0,0.4996,0,1]},
{"frame":67,"values":[0.9944,0.1058,-0.0065,0,-0.1056,0.9942,0.02,0,0.0086,-0.0192,0.9998,0,0,0.4996,0,1]},
{"frame":68,"values":[0.9934,0.1148,-0.007,0,-0.1146,0.9932,0.0217,0,0.0094,-0.0208,0.9997,0,0,0.4996,0,1]},
{"frame":69,"values":[0.9922,0.1243,-0.0075,0,-0.1241,0.992,0.0236,0,0.0103,-0.0224,0.9997,0,0,0.4996,0,1]},
{"frame":70,"values":[0.9909,0.1342,-0.0079,0,-0.1339,0.9907,0.0255,0,0.0113,-0.0242,0.9996,0,0,0.4996,0,1]},
{"frame":71,"values":[0.9895,0.1444,-0.0084,0,-0.1441,0.9892,0.0275,0,0.0123,-0.026,0.9996,0,0,0.4996,0,1]},
{"frame":72,"values":[0.9879,0.155,-0.0088,0,-0.1547,0.9875,0.0295,0,0.0133,-0.0278,0.9995,0,0,0.4996,0,1]},
{"frame":73,"values":[0.9861,0.1658,-0.0093,0,-0.1655,0.9857,0.0317,0,0.0144,-0.0297,0.9995,0,0,0.4996,0,1]},
{"frame":74,"values":[0.9842,0.1768,-0.0097,0,-0.1764,0.9837,0.0338,0,0.0156,-0.0316,0.9994,0,0,0.4996,0,1]},
{"frame":75,"values":[0.9821,0.1878,-0.0101,0,-0.1874,0.9816,0.036,0,0.0167,-0.0335,0.9993,0,0,0.4996,0,1]},
{"frame":76,"values":[0.98,0.1988,-0.0105,0,-0.1983,0.9794,0.0382,0,0.0179,-0.0354,0.9992,0,0,0.4996,0,1]},
{"frame":77,"values":[0.9777,0.2096,-0.0109,0,-0.209,0.9771,0.0404,0,0.0191,-0.0372,0.9991,0,0,0.4996,0,1]},
{"frame":78,"values":[0.9754,0.2202,-0.0112,0,-0.2195,0.9747,0.0425,0,0.0203,-0.039,0.999,0,0,0.4996,0,1]},
{"frame":79,"values":[0.973,0.2304,-0.0115,0,-0.2297,0.9723,0.0445,0,0.0214,-0.0407,0.9989,0,0,0.4996,0,1]},
{"frame":80,"values":[0.9707,0.2402,-0.0118,0,-0.2394,0.9698,0.0465,0,0.0226,-0.0423,0.9988,0,0,0.4996,0,1]},
{"frame":81,"values":[0.9683,0.2495,-0.012,0,-0.2486,0.9674,0.0484,0,0.0237,-0.0439,0.9988,0,0,0.4996,0,1]},
{"frame":82,"values":[0.966,0.2583,-0.0122,0,-0.2574,0.965,0.0502,0,0.0247,-0.0453,0.9987,0,0,0.4996,0,1]},
{"frame":83,"values":[0.9637,0.2666,-0.0124,0,-0.2657,0.9627,0.0519,0,0.0257,-0.0467,0.9986,0,0,0.4996,0,1]},
{"frame":84,"values":[0.9615,0.2745,-0.0125,0,-0.2734,0.9604,0.0535,0,0.0267,-0.048,0.9985,0,0,0.4996,0,1]},
{"frame":85,"values":[0.9594,0.2818,-0.0126,0,-0.2807,0.9582,0.055,0,0.0276,-0.0492,0.9984,0,0,0.4996,0,1]},
{"frame":86,"values":[0.9573,0.2889,-0.0128,0,-0.2878,0.956,0.0565,0,0.0285,-0.0504,0.9983,0,0,0.4996,0,1]},
{"frame":87,"values":[0.9551,0.2961,-0.0129,0,-0.2949,0.9538,0.0579,0,0.0294,-0.0515,0.9982,0,0,0.4996,0,1]},
{"frame":88,"values":[0.9529,0.3031,-0.013,0,-0.3019,0.9515,0.0594,0,0.0303,-0.0527,0.9982,0,0,0.4996,0,1]},
{"frame":89,"values":[0.9507,0.3098,-0.013,0,-0.3085,0.9493,0.0608,0,0.0312,-0.0538,0.9981,0,0,0.4996,0,1]},
{"frame":90,"values":[0.9488,0.3157,-0.0131,0,-0.3143,0.9473,0.062,0,0.032,-0.0547,0.998,0,0,0.4996,0,1]},
{"frame":91,"values":[0.9471,0.3206,-0.0131,0,-0.3192,0.9456,0.063,0,0.0326,-0.0555,0.9979,0,0,0.4996,0,1]},
{"frame":92,"values":[0.9458,0.3243,-0.0132,0,-0.3229,0.9443,0.0638,0,0.0331,-0.0561,0.9979,0,0,0.4996,0,1]},
{"frame":93,"values":[0.945,0.3269,-0.0132,0,-0.3255,0.9434,0.0643,0,0.0335,-0.0565,0.9978,0,0,0.4996,0,1]},
{"frame":94,"values":[0.9445,0.3284,-0.0132,0,-0.3269,0.9428,0.0646,0,0.0337,-0.0567,0.9978,0,0,0.4996,0,1]},
{"frame":95,"values":[0.9443,0.3288,-0.0132,0,-0.3274,0.9427,0.0647,0,0.0337,-0.0568,0.9978,0,0,0.4996,0,1]},
{"frame":96,"values":[0.9537,0.3006,-0.0129,0,-0.2994,0.9523,0.0589,0,0.03,-0.0523,0.9982,0,0,0.4996,0,1]},
{"frame":97,"values":[0.9755,0.2196,-0.0112,0,-0.219,0.9748,0.0424,0,0.0202,-0.0389,0.999,0,0,0.4996,0,1]},
{"frame":98,"values":[0.9935,0.1132,-0.0069,0,-0.113,0.9934,0.0214,0,0.0093,-0.0205,0.9997,0,0,0.4996,0,1]},
{"frame":99,"values":[0.9996,0.0296,-0.002,0,-0.0296,0.9995,0.0055,0,0.0022,-0.0055,1,0,0,0.4996,0,1]},
{"frame":100,"values":[1,0,0,0,0,1,0,0,0,0,1,0,0,0.4996,0,1]},
{"frame":101,"values":[1,0.0011,0,0,-0.0011,1,0,0,0,0,1,0,0,0.4996,0,1]},
{"frame":102,"values":[1,0.0046,0,0,-0.0046,1,0,0,0,0,1,0,0,0.4996,0,1]},
{"frame":103,"values":[0.9999,0.0105,0,0,-0.0105,0.9999,0,0,0,0,1,0,0,0.4996,0,1]},
{"frame":104,"values":[0.9998,0.0189,0,0,-0.0189,0.9998,0,0,0,0,1,0,0,0.4996,0,1]},
{"frame":105,"values":[0.9996,0.0298,0,0,-0.0298,0.9996,0,0,0,0,1,0,0,0.4996,0,1]},
{"frame":106,"values":[0.9991,0.0429,0,0,-0.0429,0.9991,0,0,0,0,1,0,0,0.4996,0,1]},
{"frame":107,"values":[0.9983,0.058,0,0,-0.058,0.9983,0,0,0,0,1,0,0,0.4996,0,1]},
{"frame":108,"values":[0.9972,0.0746,0,0,-0.0746,0.9972,0,0,0,0,1,0,0,0.4996,0,1]},
{"frame":109,"values":[0.9958,0.0921,0,0,-0.0921,0.9958,0,0,0,0,1,0,0,0.4996,0,1]},
{"frame":110,"values":[0.9939,0.11,0,0,-0.11,0.9939,0,0,0,0,1,0,0,0.4996,0,1]},
{"frame":111,"values":[0.9918,0.1277,0,0,-0.1277,0.9918,0,0,0,0,1,0,0,0.4996,0,1]},
{"frame":112,"values":[0.9895,0.1447,0,0,-0.1447,0.9895,0,0,0,0,1,0,0,0.4996,0,1]},
{"frame":113,"values":[0.987,0.1609,0,0,-0.1609,0.987,0,0,0,0,1,0,0,0.4996,0,1]},
{"frame":114,"values":[0.9844,0.1758,0,0,-0.1758,0.9844,0,0,0,0,1,0,0,0.4996,0,1]},
{"frame":115,"values":[0.9819,0.1895,0,0,-0.1895,0.9819,0,0,0,0,1,0,0,0.4996,0,1]},
{"frame":116,"values":[0.9791,0.2033,0,0,-0.2033,0.9791,0,0,0,0,1,0,0,0.4996,0,1]},
{"frame":117,"values":[0.9758,0.2187,0,0,-0.2187,0.9758,0,0,0,0,1,0,0,0.4996,0,1]},
{"frame":118,"values":[0.9719,0.2355,0,0,-0.2355,0.9719,0,0,0,0,1,0,0,0.4996,0,1]},
{"frame":119,"values":[0.9674,0.2533,0,0,-0.2533,0.9674,0,0,0,0,1,0,0,0.4996,0,1]},
{"frame":120,"values":[0.9624,0.2718,0,0,-0.2718,0.9624,0,0,0,0,1,0,0,0.4996,0,1]},
{"frame":121,"values":[0.9569,0.2903,0,0,-0.2903,0.9569,0,0,0,0,1,0,0,0.4996,0,1]},
{"frame":122,"values":[0.9514,0.3081,0,0,-0.3081,0.9514,0,0,0,0,1,0,0,0.4996,0,1]},
{"frame":123,"values":[0.9459,0.3245,0,0,-0.3245,0.9459,0,0,0,0,1,0,0,0.4996,0,1]},
{"frame":124,"values":[0.9408,0.339,0,0,-0.339,0.9408,0,0,0,0,1,0,0,0.4996,0,1]},
{"frame":125,"values":[0.9364,0.351,0,0,-0.351,0.9364,0,0,0,0,1,0,0,0.4996,0,1]},
{"frame":126,"values":[0.9328,0.3604,0,0,-0.3604,0.9328,0,0,0,0,1,0,0,0.4996,0,1]},
{"frame":127,"values":[0.9302,0.367,0,0,-0.367,0.9302,0,0,0,0,1,0,0,0.4996,0,1]},
{"frame":128,"values":[0.9287,0.3709,0,0,-0.3709,0.9287,0,0,0,0,1,0,0,0.4996,0,1]},
{"frame":129,"values":[0.9282,0.3721,0,0,-0.3721,0.9282,0,0,0,0,1,0,0,0.4996,0,1]},
{"frame":142,"values":[0.9282,0.3721,0,0,-0.3721,0.9282,0,0,0,0,1,0,0,0.4996,0,1]}],"loopBehavior":1,"name":"anim","property":"_matrix"}},
{"name":"Bone.003","index":3,"matrix":[1,0,0,0,0,1,0,0,0,0,1,0,0,0.4969,0,1],"rest":[1,0,0,0,0,1,0,0,0,0,1,0,0,0.4969,0,1],"parentBoneIndex":2,"length":0.5023
,"animation":{"dataType":3,"framePerSecond":24,"keys":[
{"frame":0,"values":[1,0,0,0,0,1,0,0,0,0,1,0,0,0.4969,0,1]},
{"frame":1,"values":[1,-0.0008,0,0,0.0008,1,0,0,0,0,1,0,0,0.4969,0,1]},
{"frame":2,"values":[1,-0.0031,0,0,0.0031,1,0,0,0,0,1,0,0,0.4969,0,1]},
{"frame":3,"values":[1,-0.007,0,0,0.007,1,0,0,0,0,1,0,0,0.4969,0,1]},
{"frame":4,"values":[0.9999,-0.0124,0,0,0.0124,0.9999,0,0,0,0,1,0,0,0.4969,0,1]},
{"frame":5,"values":[0.9998,-0.019,0,0,0.019,0.9998,0,0,0,0,1,0,0,0.4969,0,1]},
{"frame":6,"values":[0.9996,-0.0267,0,0,0.0267,0.9996,0,0,0,0,1,0,0,0.4969,0,1]},
{"frame":7,"values":[0.9994,-0.0351,0,0,0.0351,0.9994,0,0,0,0,1,0,0,0.4969,0,1]},
{"frame":8,"values":[0.999,-0.0437,0,0,0.0437,0.999,0,0,0,0,1,0,0,0.4969,0,1]},
{"frame":9,"values":[0.9986,-0.0521,0,0,0.0521,0.9986,0,0,0,0,1,0,0,0.4969,0,1]},
{"frame":10,"values":[0.9982,-0.0598,0,0,0.0598,0.9982,0,0,0,0,1,0,0,0.4969,0,1]},
{"frame":11,"values":[0.9978,-0.0664,0,0,0.0664,0.9978,0,0,0,0,1,0,0,0.4969,0,1]},
{"frame":12,"values":[0.9974,-0.0718,0,0,0.0718,0.9974,0,0,0,0,1,0,0,0.4969,0,1]},
{"frame":13,"values":[0.9971,-0.0757,0,0,0.0757,0.9971,0,0,0,0,1,0,0,0.4969,0,1]},
{"frame":14,"values":[0.997,-0.078,0,0,0.078,0.997,0,0,0,0,1,0,0,0.4969,0,1]},
{"frame":15,"values":[0.9969,-0.0788,0,0,0.0788,0.9969,0,0,0,0,1,0,0,0.4969,0,1]},
{"frame":16,"values":[0.997,-0.0772,0,0,0.0772,0.997,0,0,0,0,1,0,0,0.4969,0,1]},
{"frame":17,"values":[0.9974,-0.0726,0,0,0.0726,0.9974,0,0,0,0,1,0,0,0.4969,0,1]},
{"frame":18,"values":[0.9979,-0.0648,0,0,0.0648,0.9979,0,0,0,0,1,0,0,0.4969,0,1]},
{"frame":19,"values":[0.9985,-0.0541,0,0,0.0541,0.9985,0,0,0,0,1,0,0,0.4969,0,1]},
{"frame":20,"values":[0.9992,-0.0408,0,0,0.0408,0.9992,0,0,0,0,1,0,0,0.4969,0,1]},
{"frame":21,"values":[0.9997,-0.0254,0,0,0.0254,0.9997,0,0,0,0,1,0,0,0.4969,0,1]},
{"frame":22,"values":[1,-0.0086,0,0,0.0086,1,0,0,0,0,1,0,0,0.4969,0,1]},
{"frame":23,"values":[1,0.0086,0,0,-0.0086,1,0,0,0,0,1,0,0,0.4969,0,1]},
{"frame":24,"values":[0.9997,0.0254,0,0,-0.0254,0.9997,0,0,0,0,1,0,0,0.4969,0,1]},
{"frame":25,"values":[0.9992,0.0408,0,0,-0.0408,0.9992,0,0,0,0,1,0,0,0.4969,0,1]},
